3 0 101
3 60 101
3 180 101
3 180 41
3 300 101
3 360 101
3 420 101
3 480 101
3 480 161
3 600 101
3 660 101
3 720 101
3 840 101
3 900 101
3 960 101
3 600 161
3 960 161
3 180 221
3 240 221
3 120 221
3 60 221
3 180 281
3 180 341
3 0 341
3 60 341
2 60 161
2 0 161
2 0 221
2 0 281
2 60 281
2 780 101
2 780 161
2 720 161
2 660 161
2 840 161
2 900 161
2 960 221
2 960 281
2 900 221
2 840 221
2 780 221
2 720 221
2 600 221
2 660 221
0 360 221
0 390 221
0 390 251
0 360 251
3 360 281
3 360 341
3 300 341
2 180 401
2 180 461
2 420 401
1 180 521
1 210 521
1 210 551
1 180 551
3 120 461
3 60 461
3 240 461
3 300 461
3 360 461
3 420 461
1 390 401
1 360 401
1 360 431
1 390 431
3 540 281
3 600 281
3 660 281
3 720 281
3 780 281
3 840 281
3 900 281
3 480 281
3 540 341
3 540 401
2 540 461
2 540 521
2 480 521
3 360 521
3 360 581
3 240 581
3 180 581
3 0 581
3 60 581
1 600 461
1 630 461
1 630 491
1 600 491
3 600 521
3 600 581
3 540 581
3 480 581
3 540 641
3 540 701
2 480 641
1 450 581
1 420 581
1 420 611
1 450 611
2 300 641
2 240 641
2 240 701
3 180 701
3 120 701
3 60 701
3 60 761
3 720 461
3 720 521
3 720 581
3 720 641
3 660 701
2 720 701
2 600 701
2 840 701
3 840 641
3 840 581
3 900 581
3 900 511
3 900 521
3 900 461
1 870 551
1 840 551
1 810 551
1 780 551
2 840 491
2 780 491
0 900 641
0 930 641
0 930 671
0 900 671
1 870 461
1 840 461
1 810 461
1 780 461
1 450 851
1 450 821
1 450 791
1 480 791
1 510 791
1 540 791
1 540 821
1 540 851
2 60 821
2 900 701
2 960 761
2 960 701
