0 120 251
0 150 251
0 180 251
0 210 251
0 120 281
0 120 311
0 120 341
0 120 371
0 120 401
0 150 341
0 180 341
0 210 341
0 210 371
0 210 401
0 180 401
0 150 401
0 420 251
0 450 251
0 480 251
0 510 251
0 420 281
0 420 311
0 420 341
0 420 371
0 420 401
0 450 401
0 480 401
0 510 401
0 510 371
0 510 341
0 480 341
0 450 341
0 750 251
0 780 251
0 810 251
0 840 251
0 750 281
0 750 311
0 750 341
0 750 371
0 750 401
0 780 401
0 810 401
0 840 401
0 840 371
0 840 341
0 810 341
0 780 341
3 390 41
3 450 101
3 510 41
3 900 41
3 960 101
3 1 101
3 61 41
